Year  Mon  Ver  TotalArc  Okhotsk   Bering   Hudson   Baffin  Grnland  BarKara  ArctOcn  CanArch   StLawr
1978   11  v1.1  12056641    58272    55046  1115196   796188   669173  1505709  7091630   750859     6610
1978   12  v1.1  14131923   746259   302831  1231642   952209   953496  1894468  7158209   750859    30503
1979    1  v1.1  15604191  1411324   350852  1231642  1114737  1083899  2055581  7158209   750859   161557
1979    2  v1.1  16378929  1503101   573013  1231642  1219210  1125963  2166203  7158209   750859   265406
1979    3  v1.1  16521089  1598093   697351  1231642  1312683  1078959  2157832  7158209   750859   229729
1979    4  v1.1  15561238  1396484   465047  1231642  1135469   959981  2174720  7158209   750859    65359
1979    5  v1.1  14085613   607627   245820  1231642   983827   831981  2147706  7158209   750859    30134
1979    6  v1.1  12653185    84164    28739  1189018   819711   747962  1937167  7084556   750859    11006
1979    7  v1.1  10521427        0     5411   435777   545435   549304  1327008  6919147   739343        0
1979    8  v1.1   8183421        0        0   140046   137267   336343   516094  6374454   679214        0
1979    9  v1.1   7219913        0     4209    35694    58401   290599   181443  6005574   643989        0
1979   10  v1.1   9428492    39678    13818   151016   257125   402196   991402  6822394   750859        0
1979   11  v1.1  11185959   104584    87726   536576   670659   524559  1378772  7116872   750859     6111
1979   12  v1.1  13575098   562890   453672  1231642   969995   648921  1696416  7158209   750859    32040
1980    1  v1.1  15053607  1079407   687809  1231642  1135336   821539  1903280  7158209   750859   103169
1980    2  v1.1  16074814  1433281   838515  1231642  1225782   967408  1956700  7158209   750859   216159
1980    3  v1.1  16207072  1459739   861884  1231642  1306363   981071  1933160  7158209   750859   248561
1980    4  v1.1  15546525  1310870   762511  1231642  1228928   900486  1917562  7158209   750859    72895
1980    5  v1.1  14080852   747452   492626  1231642  1039805   753372  1801984  7158209   750859    23605
1980    6  v1.1  12372595   138995    59004  1170085   818862   677380  1617601  7135093   750859     4713
1980    7  v1.1  10433081        0     5416   443298   554595   526801  1316170  6851289   735509        0
1980    8  v1.1   8082016        0        0   113725   110727   402714   728961  6116431   609455        0
1980    9  v1.1   7856976        0     3007    14046    44785   418076   583459  6180057   613543        0
1980   10  v1.1   9485305    24782    10847    67410   280998   527889   984343  6913292   675740        0
1980   11  v1.1  11721403    56437   107890   687081   618994   748574  1573506  7153308   750859     5607
1980   12  v1.1  13752372   272796   506818  1231642   901954   928421  1872062  7158209   750859    43199
1981    1  v1.1  15109158   853859   695183  1231642  1166263  1041328  1888173  7158209   750859   156515
1981    2  v1.1  15748975  1238812   783980  1231642  1291604   948380  1861287  7158209   750859   224379
1981    3  v1.1  15703794  1332039   793577  1231642  1118365   946081  2060621  7158209   750859    56104
1981    4  v1.1  15192945  1072748   561577  1231642  1170623   906938  2113854  7158209   750859    42024
1981    5  v1.1  13921115   269435   291688  1231642  1059863   929193  2123784  7158209   750859    28634
1981    6  v1.1  12621552    61746    32999  1184436   805656   867342  1861005  7075826   728340     4199
1981    7  v1.1  10667981        0     5414   648587   435250   733057  1339179  6839976   666515        0
1981    8  v1.1   7886965        0        0    37993    73898   520928   721684  6008318   524142        0
1981    9  v1.1   7250748        0     1204     9740    50195   405876   555305  5809696   418730        0
1981   10  v1.1   9214381    32874     6051    33883   140318   587511   846347  6875428   691965        0
1981   11  v1.1  11206113    59779   181296   395171   678519   722978  1240015  7158209   750859     8113
1981   12  v1.1  13776309   386246   431572  1231102   909768   991006  1803078  7158209   750859    23900
1982    1  v1.1  15340865   979043   561616  1231642  1108568  1122072  2050431  7158209   750859    78022
1982    2  v1.1  16135234  1227013   623306  1231642  1440932  1104876  2081707  7158209   750859   220520
1982    3  v1.1  16227629  1328411   652106  1231642  1503784  1072573  2050929  7158209   750859   262984
1982    4  v1.1  15624536  1124278   641367  1231642  1369514  1058749  2045818  7158209   750859    80150
1982    5  v1.1  14180382   513695   454459  1231642  1229920   856606  1879034  7158209   750859    35039
1982    6  v1.1  12749741    74591    52358  1230537  1004000   767940  1761330  7102561   749579     6284
1982    7  v1.1  10805880        0     6013   706055   577600   684542  1364310  6736980   730377        0
1982    8  v1.1   8300662        0        0   103521   140581   417717   698769  6338478   601594        0
1982    9  v1.1   7454783        0     1204    15308    91057   450623   518108  5772662   605819        0
1982   10  v1.1  10019317    30997    15036   110734   402887   529638  1283771  6895391   750859        0
1982   11  v1.1  11959292    65940    95876   895522   781964   652865  1561375  7138573   750859     7595
1982   12  v1.1  13871330   670521   347556  1231642  1209579   823867  1590171  7158209   750859    25444
1983    1  v1.1  15159948   999381   688918  1231642  1598733   840885  1664144  7158209   750859   105776
1983    2  v1.1  16095113  1383001   796270  1231642  1677596   983940  1746978  7158209   750859   179663
1983    3  v1.1  16185533  1392583   825113  1231642  1745653   954387  1753982  7158209   750859   168800
1983    4  v1.1  15363742  1010227   732415  1231642  1651824   828782  1807397  7158209   750859    77143
1983    5  v1.1  13566764   219315   331624  1231642  1340111   767294  1684923  7158209   750859    26037
1983    6  v1.1  12387795    85123    41549  1227066  1007029   688263  1438390  7148153   746458     5762
1983    7  v1.1  10945685        0     6613   949390   706301   526180  1050979  6960441   745778        0
1983    8  v1.1   8392355        0        0   215103   292800   391493   563769  6304209   624979        0
1983    9  v1.1   7540600        0     1806   116459   143084   387002   254164  6186995   451089        0
1983   10  v1.1   9689444    47279    29425   174702   441279   506760   692998  7047375   749623        0
1983   11  v1.1  11677528    50480   212204   581879   828257   673799  1395986  7158209   750859     8094
1983   12  v1.1  13487417   304003   267506  1231642  1153262   778901  1714694  7158209   750859    30476
1984    1  v1.1  14691196   633607   466103  1231642  1685875   710057  1716735  7158209   750859   171680
1984    2  v1.1  15424012   853742   857785  1231642  1772204   704998  1623544  7158209   750859   230234
1984    3  v1.1  15716599   909854   948299  1231642  1682932   798488  1750649  7158209   750859   234188
1984    4  v1.1  15226124   816070   860944  1231642  1556075   732599  1846936  7158209   750859   101923
1984    5  v1.1  13700707   188490   570614  1231642  1374648   727376  1597331  7158209   750859    36686
1984    6  v1.1  12253081    87088    37775  1167723  1013579   695365  1371832  7130609   743829     4722
1984    7  v1.1  10217529        0     6013   643228   591537   542630   786015  6921340   726763        0
1984    8  v1.1   7938903        0        0   136011   108593   303852   364441  6447503   578500        0
1984    9  v1.1   7111240        0     1204    16490    52859   324963   176581  6063535   475605        0
1984   10  v1.1   8870272    33341     7244    57338   209905   441346   651152  6725952   743991        0
1984   11  v1.1  11319686    81786    74784   791969   683913   565367  1249616  7106141   750859     7100
1984   12  v1.1  13213142   538239   297773  1231642  1196065   564184  1434610  7109649   750859    26878
1985    1  v1.1  14963667  1060197   433480  1231642  1422160   700870  1727787  7137209   750859   212928
1985    2  v1.1  15771314  1219770   591768  1231642  1454562   813538  1848043  7151639   750859   268325
1985    3  v1.1  16137266  1271759   791541  1231642  1582759   908231  1810474  7158209   750859   281717
1985    4  v1.1  15407986   799228   804344  1231642  1382985   979076  1955404  7158209   750859   119884
1985    5  v1.1  14260927   493897   577738  1231642  1221708   819312  1834086  7158209   750859    49841
1985    6  v1.1  12445600   133640   114587  1180086   890887   702298  1535700  7141525   742655     3663
1985    7  v1.1  10158967        0     4210   664563   330986   438178   993088  7025964   701976        0
1985    8  v1.1   7504422        0        0    87559    58867   171133   287605  6355913   543343        0
1985    9  v1.1   6935105        0     1204     9725    41217   194792   126007  6119987   442172        0
1985   10  v1.1   8915441    32302    15620    42961   162931   435040   453357  7022368   750859        0
1985   11  v1.1  11417014    49598   102203   797807   637783   599762  1296609  7158209   750859    10103
1985   12  v1.1  13249869   363888   216803  1231642   797464   863055  1705805  7158209   750859    47173
1986    1  v1.1  15119253   928306   590020  1231642  1148501   998440  1837353  7158209   750859   218065
1986    2  v1.1  15987907  1268779   671165  1231642  1295524  1051297  1912413  7158209   750859   270913
1986    3  v1.1  16163104  1268176   823216  1231642  1403593  1034717  1890385  7158209   750859   277797
1986    4  v1.1  15228300   896648   698704  1231642  1191982  1074137  1927923  7158209   750859   125994
1986    5  v1.1  13545526   213863   367844  1231642   979510   879863  1849372  7158209   750859    39830
1986    6  v1.1  12139090    74384    24680  1189527   778927   736418  1558265  7024446   750859     1580
1986    7  v1.1  10496259        0     4808   631582   553860   531257  1213504  6851956   709289        0
1986    8  v1.1   8044575        0        0   114291   248178   330813   589749  6092877   668664        0
1986    9  v1.1   7553857        0     1204    35662    47164   348986   507359  6028489   584990        0
1986   10  v1.1   9922179    31374     6042   214394   546791   473188   940046  6959482   750859        0
1986   11  v1.1  11811566    53800    51217  1230036   809606   566487  1261036  7075346   750859     5600
1986   12  v1.1  13456959   354885   329873  1231642  1130352   682150  1669772  7158209   750859    45426
1987    1  v1.1  15277015  1058018   585336  1231642  1285824   885623  1817019  7151646   750859   186251
1987    2  v1.1  16209585  1301553   709197  1231642  1418658  1038777  1987416  7158209   750859   257005
1987    3  v1.1  16017587  1095091   704122  1231642  1339139  1001321  1994597  7158209   750859   267897
1987    4  v1.1  15384298   890056   657408  1231642  1360917   879761  2074741  7158209   750859   132703
1987    5  v1.1  13845327   253425   491658  1231642  1117594   821616  1907155  7158209   750859    27030
1987    6  v1.1  12612457    93435    81582  1209632   973571   749284  1625233  7126243   750859     2616
1987    7  v1.1  10814849        0     1204   845540   596651   549457  1317004  6762954   742038        0
1987    8  v1.1   7717180        0        0   153393    94747   451705   499707  5892216   625409        0
1987    9  v1.1   7512706        0     1805    60839    48486   451327   308440  6098155   543651        0
1987   10  v1.1   9331817    26341     7771    91779   342209   553868  1019262  6626640   663944        0
1987   11  v1.1  11590097    58959   107109   705056   654292   750385  1399024  7143485   750859    11550
1988    1  v1.1  15188190  1066248   568504  1231642  1243655  1045226  1820485  7158209   750859   171520
1988    2  v1.1  15732702  1214942   692679  1231642  1370233  1002166  1872023  7158209   750859   243162
1988    3  v1.1  16231491  1397730   856158  1231642  1369212  1124028  1868055  7158209   750859   262954
1988    4  v1.1  15315907   830819   868160  1231642  1190645  1074373  1947081  7158209   750859   120681
1988    5  v1.1  13750518   338161   336733  1231642  1099798   900418  1835837  7158209   750859    46003
1988    6  v1.1  12113514    81390    37718  1156919   832136   792450  1491551  7018502   695479     6256
1988    7  v1.1  10115785        0     3617   585165   436351   537398  1121747  6785371   646133        0
1988    8  v1.1   7985808        0        0   111886   127442   409998   558012  6241491   536976        0
1988    9  v1.1   7529886        0     1805     9213    26380   422085   504725  6149016   416659        0
1988   10  v1.1   9508883    20138     7795    43276    88794   567160  1170108  6954449   657159        0
1988   11  v1.1  11727820    43551   221278   419028   673194   812133  1626418  7158209   750859    12540
1988   12  v1.1  13873842   179819   576270  1231642   956220  1089759  1798824  7158209   750859    41867
1989    1  v1.1  15227711   764346   763365  1231642  1200878  1087184  1929560  7158209   750859   208733
1989    2  v1.1  15670791  1152432   583204  1231642  1449740  1064582  1902150  7158209   750859   262532
1989    3  v1.1  15621569  1082933   617183  1231642  1498076  1067011  1825627  7158209   750859   285069
1989    4  v1.1  14526319   666386   476740  1231642  1441877   872016  1732929  7158209   750859   117281
1989    5  v1.1  13048365   197370   190303  1231642  1086700   830782  1515895  7156895   750859    50680
1989    6  v1.1  12372855    75769    40181  1186087   934632   848730  1455537  7074985   749579     6798
1989    7  v1.1  10467050        0     3012   606006   505208   698469  1103690  6825152   725510        0
1989    8  v1.1   7996732        0        0   147790   125802   486828   711357  5985938   539014        0
1989    9  v1.1   7082278        0     1806    15968    71113   453110   607682  5495588   437008        0
1989   10  v1.1   9548262    24684     8367   148503   332098   520489  1000410  6805906   707801        0
1989   11  v1.1  11565367    54823   112496   853456   669364   701491  1270218  7130861   750859    12054
1989   12  v1.1  13571420   321407   365640  1231642  1021927   959736  1630542  7158209   750859    71630
1990    1  v1.1  15068129   818023   664246  1231642  1378759   896747  1767778  7149677   750859   250515
1990    2  v1.1  15687335  1191333   820561  1231642  1608804   771627  1726316  7148358   750859   278701
1990    3  v1.1  15988765  1193108   860336  1231642  1673484   887107  1827436  7158209   750859   295640
1990    4  v1.1  14790684   645467   717913  1231642  1483808   868518  1730363  7158209   750859   128745
1990    5  v1.1  13360804   165314   419937  1231642  1289023   830745  1460794  7121885   750859    59199
1990    6  v1.1  11768040    58772    28751  1082620   986071   770965  1267653  6830815   738710     3126
1990    7  v1.1   9684245        0     4219   757031   568757   557969   810224  6271371   714670        0
1990    8  v1.1   6872831        0        0   149678    56756   342117   553714  5205325   565238        0
1990    9  v1.1   6272115        0     1204    59313    56900   195277   414310  5032094   513015        0
1990   10  v1.1   9397506    38582     8391   250931   426157   457741   870344  6646827   698531        0
1990   11  v1.1  11368959    58846    81697   549544   737598   595161  1446034  7126851   750859    12056
1990   12  v1.1  13359619   308835   400741  1231642  1137003   702327  1583574  7158209   750859    39776
1991    1  v1.1  14584139   561364   664524  1231642  1488936   696772  1697341  7157552   750859   230121
1991    2  v1.1  15366355   738105   903082  1231642  1632861   828503  1689528  7158209   750859   264966
1991    3  v1.1  15599345   954615   823781  1231642  1599215   865392  1801144  7158209   750859   264864
1991    4  v1.1  15029586   839643   776214  1231642  1461544   817179  1759699  7158209   750859   145860
1991    5  v1.1  13582530   180575   455645  1231642  1288661   741447  1708107  7155692   748342    40548
1991    6  v1.1  12293986    80623    41529  1210557  1004429   690342  1431812  7097861   727928     8902
1991    7  v1.1   9764685        0     3012   335190   574613   448179  1012248  6680083   711356        0
1991    8  v1.1   7456080        0        0   127908    72422   219841   628613  5825296   581996        0
1991    9  v1.1   6589707        0     1204    27181    48480   204593   313724  5494300   500223        0
1991   10  v1.1   9198908    35663     8965    73516   201223   429828   950134  6748716   750859        0
1991   11  v1.1  11163069    47350    74594   600354   699310   614903  1376236  6979209   750859    11054
1991   12  v1.1  13208271   272007   433230  1231642  1036995   732182  1527403  7158209   750859    33780
1992    1  v1.1  14858012   879384   677167  1231642  1341044   861291  1649728  7158209   750859   211237
1992    2  v1.1  15620115  1135168   745927  1231642  1580945   893356  1747770  7158209   750859   257067
1992    3  v1.1  15619182  1086130   913095  1231642  1552917   875056  1658516  7158209   750859   286625
1992    4  v1.1  14799292   670140   786059  1231642  1326915   883484  1717842  7158209   750859   187868
1992    5  v1.1  13312944   213861   490912  1231642  1274678   798058  1315535  7157552   750859    55444
1992    6  v1.1  12200368    65061    81712  1221071   947290   812306  1257347  7097997   713925     3655
1992    7  v1.1  10700487        0     4219   987100   596186   669120  1014106  6742027   687726        0
1992    8  v1.1   7955099        0        0   269187   170053   483341   470396  5919770   642349        0
1992    9  v1.1   7592311        0     1204    22108    86462   445579   399836  6078994   558125        0
1992   10  v1.1   9643995    30410    12577    49357   145062   543930  1182640  6929157   750859        0
1992   11  v1.1  11913648    63399   165802   935852   760082   616345  1432603  7158209   750859    11054
1992   12  v1.1  13534834   442832   535723  1231642  1135992   650430  1554722  7158209   750859    33332
1993    1  v1.1  15199107   914848   701639  1231642  1644023   797051  1666363  7158209   750859   210801
1993    2  v1.1  15854349  1166809   777027  1231642  1783849   876173  1704409  7158209   750859   268370
1993    3  v1.1  15978996  1217074   765306  1231642  1792912   825017  1811165  7158209   750859   270845
1993    4  v1.1  15297398   903552   651066  1231642  1679831   743441  1846222  7158209   750859   219226
1993    5  v1.1  13599683   219004   303244  1230502  1429275   742099  1676120  7158209   750859    49286
1993    6  v1.1  12065763    67861    27436  1164422   923320   726079  1501780  6941552   711223     2087
1993    7  v1.1   9736968        0     4219   316365   606432   613894   995573  6521919   678562        0
1993    8  v1.1   7390006        0        0   123694   190440   439708   537508  5521172   577481        0
1993    9  v1.1   6543385        0     2407    38203    74918   412911   351585  5206380   456978        0
1993   10  v1.1   9246508    33053     9580    47194   280297   527022  1143521  6545598   660239        0
1993   11  v1.1  11778670    53649    43684  1005041   777978   586566  1476802  7063230   750859    11054
1993   12  v1.1  13583796   505700   450515  1231642  1080236   667679  1625835  7158209   750859    38911
1994    1  v1.1  14942655   936932   636800  1231642  1342315   685585  1817855  7158209   750859   224467
1994    2  v1.1  15719615  1132442   631270  1231642  1668166   715710  1887686  7158209   750859   276698
1994    3  v1.1  15709945   944066   856534  1231642  1582787   751149  1875970  7158209   750859   296597
1994    4  v1.1  15074225   749833   806561  1231642  1447359   704876  1844446  7158209   750859   220701
1994    5  v1.1  13819856   329094   619790  1229255  1148979   700061  1785315  7158209   750859    65126
1994    6  v1.1  12164629   155596    46137  1169179   796423   655588  1476906  7149036   709972     5232
1994    7  v1.1  10299193        0     4220   688414   476395   508185   970901  6961154   689922        0
1994    8  v1.1   7697984        0        0    82633    81081   414035   340462  6277339   502432        0
1994    9  v1.1   7243769        0     3013    16544    52137   426929   214402  6046637   484105        0
1994   10  v1.1   9529022    34395    16791    48601   272736   580536   908524  7025074   642361        0
1994   11  v1.1  11348541    68631   230988   315151   613471   687853  1504776  7158209   750859    10562
1994   12  v1.1  13606609   525214   634520  1229490   971667   681743  1583604  7158209   750859    31699
1995    1  v1.1  14742123   922118   793056  1231642  1239504   708389  1678880  7158209   750859   126237
1995    2  v1.1  15370741  1056832   927660  1231642  1394517   757842  1675033  7158209   750859   248080
1995    3  v1.1  15435938  1056835   884143  1231642  1482322   787529  1682084  7158209   750859   256981
1995    4  v1.1  14708445   877325   860706  1231642  1347215   820960  1382483  7158209   750859   191942
1995    5  v1.1  13218724   332688   396089  1226403  1050298   854158  1355934  7158209   750859    51284
1995    6  v1.1  11661736    83920    42754  1076966   759207   798539  1146313  7029912   718875     4692
1995    7  v1.1   9226616        0     4821   371324   516542   558191   545274  6574771   655690        0
1995    8  v1.1   6749413        0        0    90762    87949   458798   120178  5443153   548570        0
1995    9  v1.1   6181161        0     2407    14066    68557   457355    52043  5079731   506998        0
1995   10  v1.1   8976796    26379     8973    50522   383344   504528   696229  6611672   695146        0
1995   11  v1.1  11048162    62394    64451   603700   564459   674261  1407665  6898165   750859    11067
1995   12  v1.1  13085316   170555   327257  1229906   851225   813431  1672879  7158209   750859    35840
1996    1  v1.1  14353876   539004   547539  1231642  1221688   842743  1738543  7158209   750859   122483
1996    2  v1.1  15324546   863079   640736  1231642  1348805   897601  1886236  7158209   750859   234326
1996    3  v1.1  15253090  1073399   551099  1231642  1287826   911209  1779538  7158209   750859   245704
1996    4  v1.1  14347812   545387   506642  1231642  1143173   958827  1815256  7158209   750859    71806
1996    5  v1.1  13138756   159697   147318  1217574   984473   923422  1691705  7158209   750859    38877
1996    6  v1.1  12171457    65347    45021  1150064   899714   757787  1479214  7022458   747659     4189
1996    7  v1.1  10459376        0     6033   643754   670600   557148  1084387  6831063   666388        0
1996    8  v1.1   8285617        0        0    99527   299748   237986   578627  6519473   550254        0
1996    9  v1.1   7911530        0     2407    14139   163655   260219   505097  6463498   502512        0
1996   10  v1.1   9426298    34931    11345    51919   489311   409828   904859  6794858   729243        0
1996   11  v1.1  10612586    45911    62473   376747   737497   600014  1088191  6929953   750859    11054
1996   12  v1.1  13207313   369310   324665  1229326   829726   937331  1510005  7158209   750859    41955
1997    1  v1.1  14620773   687286   558735  1231642  1061018  1130029  1778604  7158209   750859   100935
1997    2  v1.1  15633564   934815   742174  1231642  1377651  1085118  1949181  7158209   750859   228984
1997    3  v1.1  15690392   995066   786150  1231642  1452823  1008990  1898500  7158209   750859   267383
1997    4  v1.1  14689029   564573   604169  1231642  1228225   922783  2004804  7158209   750859   127589
1997    5  v1.1  13391653   117307   296688  1231642  1047062   857741  1837015  7146576   750859    55087
1997    6  v1.1  11985158    46186    23424  1156291   839749   780664  1392143  7002825   741272     2600
1997    7  v1.1   9658514        0     2412   450279   461528   592363   834137  6627690   690101        0
1997    8  v1.1   7347113        0        0    50028    80948   440476   318305  5888108   569246        0
1997    9  v1.1   6775136        0     1208    13461    59500   394921   164476  5569744   571823        0
1997   10  v1.1   8804354    36482     3029    70155   350247   501033   536393  6584283   722728        0
1997   11  v1.1  10944072    32892    46404   546998   599270   704272  1424274  6825256   750859     8064
1997   12  v1.1  13351908   357136   473376  1229906   785138   858346  1664186  7158209   750859    27688
1998    1  v1.1  14940232   835551   785927  1231642  1091960  1006643  1835271  7158209   750859   109911
1998    2  v1.1  15897132  1179971   935881  1231642  1269956   980242  2000673  7158209   750859   215851
1998    3  v1.1  15775531  1252807   850303  1231642  1287998   874092  2067896  7158209   750859   132452
1998    4  v1.1  14988185   834973   689218  1231642  1223051   845984  2080365  7158209   750859    58230
1998    5  v1.1  13862312   370197   442192  1231642  1052792   778177  1999370  7158209   735230    38547
1998    6  v1.1  11948231    69408    41570   952555   738136   764176  1760117  6932744   685351     4171
1998    7  v1.1   9674306        0     1811   178332   408516   619493  1237200  6583985   644966        0
1998    8  v1.1   7557743        0        0    66445    63279   424005   617437  5899285   487290        0
1998    9  v1.1   6617915        0     1208    12212    55510   372902   507147  5423934   244997        0
1998   10  v1.1   8887213    22875     3032    22381   182254   482334  1250914  6287907   635513        0
1998   11  v1.1  10789267    75077    36846   166271   564856   552455  1597868  7031695   750859     7572
1998   12  v1.1  13337799   603219   403041  1192713   772426   650088  1735864  7158209   750859    27274
1999    1  v1.1  14573454   812411   674290  1231642  1110431   707470  1857840  7158209   750859   126010
1999    2  v1.1  15480723  1163051   839477  1231642  1249009   705904  1940469  7158209   750859   224669
1999    3  v1.1  15521960  1239107   902983  1231642  1245481   670747  1899806  7158209   750859   186968
1999    4  v1.1  15244751  1160224   905382  1231642  1134022   713973  1980680  7158209   750859    62432
1999    5  v1.1  13920440   424175   594190  1228692  1064199   670180  1948761  7158209   750859    39176
1999    6  v1.1  12189139   115828    86142   968346   866005   572169  1710968  7136695   727734     4693
1999    7  v1.1   9649862        0     3621   186345   417559   387283  1178708  6806547   669797        0
1999    8  v1.1   7436390        0        0   112128   134734   318764   714736  5649832   506193        0
1999    9  v1.1   6292180        0     1810    19672    69008   342512   352883  5148789   357503        0
1999   10  v1.1   9135965    29627     3618    57234   194270   454848  1037388  6688181   670795        0
1999   11  v1.1  11028115    44163   194036   355151   691030   561067  1281022  7138529   750859     7080
1999   12  v1.1  12951470   238031   693807  1102572   834018   634041  1467531  7158209   750859    27822
2000    1  v1.1  14535974   779933   925222  1231642  1140917   677796  1641712  7157552   750859   100567
2000    2  v1.1  15302491  1243279   825077  1231642  1344230   723371  1667517  7158209   750859   198905
2000    3  v1.1  15382748  1366358   764994  1231642  1385978   718416  1737168  7158209   750859    93366
2000    4  v1.1  14751192   958484   760122  1231642  1195807   803956  1719163  7158209   750859    42021
2000    5  v1.1  13258767   238799   491886  1231642  1032490   772999  1501417  7158209   750859    35546
2000    6  v1.1  11797237    53873    79034  1088684   762703   728003  1274240  7076083   730407     3652
2000    7  v1.1   9809609        0     1208   493280   351415   596028   793486  6850189   724001        0
2000    8  v1.1   7272316        0        0    79316    58752   407838   280554  5922072   523781        0
2000    9  v1.1   6361242        0      602    14081    57450   350261   173312  5380087   385446        0
2000   10  v1.1   8945551    24660     2426    31188   185841   440365   615086  6898210   747772        0
2000   11  v1.1  10576434    72703    35953   435789   577847   543250  1051322  7094705   750859     7080
2000   12  v1.1  12886842   586253   251825  1230486   754115   700985  1388190  7151653   750859    35404
2001    1  v1.1  14420073  1106238   552588  1231642  1111255   829762  1520288  7157554   750859    56192
2001    2  v1.1  15417612  1538651   506540  1231642  1303738   857985  1679884  7158209   750859   180175
2001    3  v1.1  15723336  1589036   609278  1231642  1199218   932027  1863451  7158209   750859   184429
2001    4  v1.1  14973707  1077871   630012  1231642  1165170   912750  1857976  7158209   750859    76911
2001    5  v1.1  13778176   596099   430301  1231642  1073786   834873  1641422  7158209   750859    33018
2001    6  v1.1  11753749   146559    12638   967483   770133   726546  1309994  7095868   718723     4689
2001    7  v1.1   9284882        0     3018   181509   400955   461249   697290  6857298   683559        0
2001    8  v1.1   7529955        0        0    88578    62473   252419   291881  6260079   574523        0
2001    9  v1.1   6777849        0        0    14689    59507   162746   168844  5925249   446810        0
2001   10  v1.1   8601947    20720     3615    24481   149845   376711   505846  6851797   668928        0
2001   11  v1.1  10942561    43583   192122   389325   563673   552506  1279044  7158209   750859     8064
2001   12  v1.1  12917951   425593   540872  1049511   770302   669131  1477607  7158209   750859    25264
2002    1  v1.1  14568011   938666   778610  1231642  1026880   774875  1675438  7158209   750859    76208
2002    2  v1.1  15465497  1210741   926196  1231642  1222518   794141  1793599  7158209   750859   232033
2002    3  v1.1  15536855  1308575   750805  1231642  1334704   849068  1801576  7158209   750859   217179
2002    4  v1.1  14455330   976931   512065  1231642  1198183   766929  1740308  7158209   750859    40198
2002    5  v1.1  13175821   340426   268617  1231642  1015975   709969  1647301  7158209   750859    28362
2002    6  v1.1  11774150    50845    34263  1154010   718048   648790  1440649  6983627   741272     2086
2002    7  v1.1   9579813        0     3019   463368   339412   367130   912151  6753457   741273        0
2002    8  v1.1   6568202        0        0    61385    56976    98672   326538  5419237   605391        0
2002    9  v1.1   5981516        0        0    13461    45245   142626   417804  4907065   455313        0
2002   10  v1.1   8825055    26205     3609    17009    85810   318144   960477  6687281   726516        0
2002   11  v1.1  10802291    40139    26969   545262   451134   468700  1432297  7068263   750859     8064
2002   12  v1.1  12894841   410643   231200  1231642   752257   571873  1657078  7158209   750859    26140
2003    1  v1.1  14587970  1018184   507542  1231642   958029   735333  1881399  7158209   750859   122504
2003    2  v1.1  15352767  1212425   659062  1231642  1261333   664751  1878343  7158209   750859   272251
2003    3  v1.1  15614924  1230803   672411  1231642  1345232   758659  1938057  7158209   750859   292415
2003    4  v1.1  14680578   927663   485840  1231642  1227032   720085  1927297  7158209   750859    92798
2003    5  v1.1  13085408   198301   115908  1231054  1003591   729577  1808738  7145858   750859    50696
2003    6  v1.1  11852723    54269    34324  1094141   694806   639448  1638705  6963793   731146     2086
2003    7  v1.1   9527327        0        0   348549   229608   439220  1213046  6600057   696844        0
2003    8  v1.1   6934298        0        0    42759    52452   179058   664217  5410780   585029        0
2003    9  v1.1   6184659        0        0    14682    40046   151802   569745  4862735   545646        0
2003   10  v1.1   8671509    24546     3584    20726    72143   400976   908618  6609461   631451        0
2003   11  v1.1  10317863    43059    25225   177866   483752   477929  1355224  6991807   750859     7572
2003   12  v1.1  12888731   423606   283830  1140099   739422   672917  1650099  7158209   750859    28748
2004    1  v1.1  14145035   867099   472951  1231642   910740   708674  1802224  7158209   750859    99543
2004    2  v1.1  15044432  1086859   699587  1231642  1045134   848951  1866339  7158209   750859   183275
2004    3  v1.1  15151214  1088514   708477  1231642  1135437   838688  1865454  7158209   750859   200858
2004    4  v1.1  14204414   627527   686358  1231642  1100718   669758  1792710  7158209   750859    86293
2004    5  v1.1  12642298   182232   169563  1224775   913778   595629  1595328  7147699   750859    28356
2004    6  v1.1  11581625    55393    31134  1156324   656041   568608  1357843  7012028   742688     1561
2004    7  v1.1   9651145        0      605   608298   389653   411055   813679  6727269   700581        0
2004    8  v1.1   6867679        0        0   116304    80507   137940   316022  5618266   598638        0
2004    9  v1.1   6081899        0        0    18446    45244   146287   221492  5095726   554702        0
2004   10  v1.1   8504884    21769     4791    44299    74094   345603   827554  6438472   748301        0
2004   11  v1.1  10658959    36822    45498   484768   577458   481134  1318789  6949370   750859     9053
2004   12  v1.1  12797208   408520   356704  1231642   807308   583407  1429939  7158209   750859    33823
2005    1  v1.1  13805291   733152   488017  1231642  1135135   607756  1483221  7157554   750859   125681
2005    2  v1.1  14502784   944682   644843  1231642  1237181   715708  1471303  7150337   750859   194964
2005    3  v1.1  14849592   965379   653499  1231642  1146855   794400  1726365  7158209   750859   213817
2005    4  v1.1  14179071   611273   691869  1231642  1039988   748361  1746383  7158209   750859    90578
2005    5  v1.1  13065544   283442   330381  1231642   891827   704483  1656779  7158209   750859    28296
2005    6  v1.1  11384970    76599    36256  1083471   683389   668705  1224161  6886440   722252     3136
2005    7  v1.1   8990790        0     1208   208569   358482   513923   683159  6523478   701968        0
2005    8  v1.1   6326816        0        0    19940    40626   314640   152177  5202377   597053        0
2005    9  v1.1   5593692        0     2415    10996    42647   360440    64855  4639535   472802        0
2005   10  v1.1   8486385    28085     2426    16365   196885   501143   754390  6300756   686331        0
2005   11  v1.1  10509688    32945   143409   368434   511876   601490  1049915  7035595   750859    10546
2005   12  v1.1  12553241   174862   554065  1229906   735523   637157  1241985  7154276   750859    34408
2006    1  v1.1  13724887   548098   802884  1231642  1027336   648856  1416336  7133930   750859    48756
2006    2  v1.1  14541957   881405   838312  1231642  1153086   690335  1512767  7154272   750859   131653
2006    3  v1.1  14542387   867282   690976  1231642  1058360   739270  1672874  7158209   750859   135124
2006    4  v1.1  14066142   642859   741795  1231642  1032386   706923  1603525  7158209   750859    58635
2006    5  v1.1  12679492   204741   575937  1220294   905018   637662  1174632  7143114   750859    32387
2006    6  v1.1  11132544    55932    63052   917572   638278   625814  1022500  7083745   720951     4696
2006    7  v1.1   8735814        0     1813   153909   255358   476327   457288  6723472   667645        0
2006    8  v1.1   6561046        0        0    20956    56201   257245   188820  5556386   481436        0
2006    9  v1.1   5949744        0     1208    10350    50432   308175   235974  5013012   330590        0
2006   10  v1.1   8359121    22929     3005    18129    78708   474477   939000  6338908   483962        0
2006   11  v1.1   9878031    33646    45062   132396   413383   564571  1088163  6838250   750859     7080
2006   12  v1.1  12334078   367796   303133  1139382   762723   608299  1206745  7133939   750859    25752
2007    1  v1.1  13891515   890873   681131  1231642  1028732   686608  1338762  7148370   750859    67072
2007    2  v1.1  14648254  1135359   606635  1231642  1125603   716696  1597442  7158209   750859   184273
2007    3  v1.1  14756338  1039415   839725  1231642  1197180   708665  1505704  7158209   750859   201182
2007    4  v1.1  13968973   598278   716634  1231642  1170818   769074  1451194  7158209   750859    66082
2007    5  v1.1  12956236   228697   423029  1222101  1081260   724732  1310744  7156928   750859    33878
2007    6  v1.1  11588930    49800    12606  1163420   813950   701930  1199073  6915001   729501     3644
2007    7  v1.1   8187444        0     1208   176480   308559   489617   558238  5996387   656952        0
2007    8  v1.1   5405329        0        0    68932    47666   372836   249965  4320395   345533        0
2007    9  v1.1   4324232        0     1813    11609    51705   419852    71520  3497762   269967        0
2007   10  v1.1   6799766    20671     2426    24443   115777   512444   267115  5181080   675805        0
2007   11  v1.1  10082302    31014    23800   422082   572648   603131   885204  6781307   750859     7080
2007   12  v1.1  12448216   248549   254728  1231642   915610   677304  1177631  7135900   750859    26737
2008    1  v1.1  14140570   815444   648819  1231642  1331641   725578  1275226  7153619   750859   116491
2008    2  v1.1  15092274  1127958   882155  1231642  1482173   761436  1378101  7158209   750859   218264
2008    3  v1.1  15327558   993831  1035757  1231642  1550061   739556  1511228  7158209   750859   242428
2008    4  v1.1  14485645   599660   923485  1231642  1333621   778684  1551961  7158209   750859    92846
2008    5  v1.1  13227604   270959   581988  1231642  1033978   747018  1407327  7158209   747110    27302
2008    6  v1.1  11410751    53125     9630  1057356   683291   684730  1187798  7021658   709508     3653
2008    7  v1.1   9008575        0     1204   379259   314135   455389   705267  6486060   667258        0
2008    8  v1.1   6068790        0        0    83212    41007   282644   228612  4983644   449668        0
2008    9  v1.1   4736942        0      602    12207    54251   218972   101523  4011802   337582        0
2008   10  v1.1   8439029    33675     3631    37531   164457   419143   479255  6648540   652793        0
2008   11  v1.1  10644064    44464   101045   338084   650820   563841  1063199  7118890   750859     7080
2008   12  v1.1  12568539   192497   392559  1231642   920343   607071  1262596  7152307   750859    27749
2009    1  v1.1  14189868   586385   789472  1231642  1146086   726484  1536935  7158209   750859   160329
2009    2  v1.1  14926167   916163   879792  1231642  1275337   733746  1575277  7158209   750859   256021
2009    3  v1.1  15207009   942511   914861  1231642  1422416   750744  1638072  7158209   750859   262933
2009    4  v1.1  14639814   542722   971229  1231642  1330770   740900  1752896  7158209   750859    71711
2009    5  v1.1  13427909   287558   510710  1229251  1143097   690356  1592343  7158209   750859    23889
2009    6  v1.1  11510998    61947    33130  1156053   650888   607848  1247582  7013380   738073     2094
2009    7  v1.1   8836383        0      602   525659   279171   389458   655509  6289229   696752        0
2009    8  v1.1   6287725        0        0    47956    42336   313769   236425  5065201   582035        0
2009    9  v1.1   5388226        0      602    12853    52145   329493    96433  4450915   445781        0
2009   10  v1.1   7549044    34813     3034    49884   111280   461599   144469  6047454   696508        0
2009   11  v1.1  10264770    47677   150582   257699   648889   543476   804930  7048715   750859     5607
2009   12  v1.1  12564894   297187   451475  1199153   767668   580056  1320163  7130654   750859    27708
2010    1  v1.1  13905174   672464   704641  1231642   952114   688981  1516748  7146406   750859    36036
2010    2  v1.1  14699490   959251   862326  1231642  1003921   710294  1630537  7158209   750859    82284
2010    3  v1.1  15191245  1106903   973080  1231642  1093456   769288  1807199  7158209   750859    32402
2010    4  v1.1  14763368   897904   883802  1231642  1091970   741770  1807970  7158209   750859    31142
2010    5  v1.1  13168434   369346   556191  1213388   942683   705666  1387905  7158209   750859    33311
2010    6  v1.1  10859325    73543    18038   865420   678275   594492  1032946  6917081   676402     3124
2010    7  v1.1   8381012        0        0   157703   295039   405129   479025  6397204   646910        0
2010    8  v1.1   6034017        0        0    28430    46537   260920    79306  5198507   420314        0
2010    9  v1.1   4932518        0        0    12228    58637   270991    72271  4244349   274041        0
2010   10  v1.1   7728827    28054     3034    18840   102333   404858   408255  6152349   611101        0
2010   11  v1.1   9889364    39150    18555    55750   402748   530376  1137635  6942324   750859     5607
2010   12  v1.1  12074823   191694   227760   803665   602723   668098  1511315  7158209   750859    41653
2011    1  v1.1  13687408   597303   649952  1194954   717715   701762  1653856  7158209   750859    38529
2011    2  v1.1  14485507   907019   717082  1231642   945299   688940  1727006  7158209   750859    67543
2011    3  v1.1  14667862   973999   680328  1231642  1153137   763774  1650581  7158209   750859    81849
2011    4  v1.1  14220151   767076   666606  1231642  1104600   725856  1635986  7158209   750859    35325
2011    5  v1.1  12879445   251311   319122  1209585   939877   693464  1470057  7158209   750859    26388
2011    6  v1.1  11040404    54876    10809   962610   759416   672434   938422  6894674   744548     2612
2011    7  v1.1   7938013        0        0   168705   204701   578987   335089  5961356   689172        0
2011    8  v1.1   5566580        0        0    48135    33266   376825   105367  4677218   325766        0
2011    9  v1.1   4631846        0      602    13438    45459   330940    61684  3943380   236340        0
2011   10  v1.1   7172775    38693     3034    30022   273218   413498   224812  5523657   665838        0
2011   11  v1.1  10034601    61417   101374   173898   584134   532044   869386  6947061   750859     7584
2011   12  v1.1  12466197   437375   479467  1140251   826063   629976   973127  7158209   750859    25691
2012    1  v1.1  13860823   725549   839153  1231642  1152965   614815  1248504  7131302   750859    62551
2012    2  v1.1  14697697  1089132   983577  1231642  1256245   711787  1192609  7113585   750859   146910
2012    3  v1.1  15313867  1203240  1084194  1231642  1495734   696717  1423897  7132617   750859   121345
2012    4  v1.1  14783173   918816  1083340  1231642  1259394   756603  1477917  7158209   750859    40520
2012    5  v1.1  13161140   304332   694485  1228659  1042715   773307  1159692  7158209   750859    23860
2012    6  v1.1  10965768    69795    77113  1077398   644522   746278   638955  6962479   747663     1561
2012    7  v1.1   7955719        0      602   203675   142752   494808   199881  6213978   700019        0
2012    8  v1.1   4712820        0        0    46537    34492   339942    67540  3900490   323817        0
2012    9  v1.1   3629315        0      602    11599    38331   319990    60417  3013793   184581        0
2012   10  v1.1   7086881    46175     3006    19409    71345   477031   139733  5712588   617591        0
2012   11  v1.1   9938665    49311   151871   331974   490655   554495   479438  7115583   750859     7080
2012   12  v1.1  12261353   219230   487183  1221429   762116   621563   986524  7112939   750859    28285
2013    1  v1.1  13913058   769965   718672  1231642  1073285   659523  1367800  7108271   750859    58055
2013    2  v1.1  14813126  1005607   922937  1231642  1203013   714310  1481196  7140488   750859   143301
2013    3  v1.1  15159427  1145107   928698  1231642  1156354   743075  1705294  7158209   750859    86439
2013    4  v1.1  14440180   661014   853489  1231642  1104752   796520  1689279  7158209   750859    38957
2013    5  v1.1  13125777   303422   536279  1231642  1044194   717184  1340803  7141422   750859    25351
2013    6  v1.1  11604767   100805    54407  1145394   809845   666588  1045678  7042083   736795     2613
2013    7  v1.1   8452798        0        0   225964   213752   334872   465036  6484686   728485        0
2013    8  v1.1   6103660        0        0    65904    55489   198621   185662  5044156   553826        0
2013    9  v1.1   5353405        0        0    13459    63635   186720   116900  4514192   458496        0
2013   10  v1.1   8145809    31875     3635    30571   113766   391689   521463  6408669   644139        0
2013   11  v1.1  10261823    57919    43778   436981   553305   579764   834671  6990697   750859     7584
2013   12  v1.1  12450740   124807   244088  1231642   907868   684373  1263923  7158209   750859    44203
2014    1  v1.1  13859281   671611   547590  1231642  1142055   631306  1453328  7135900   750859   165663
2014    2  v1.1  14545530   945450   646079  1231642  1363464   641827  1442162  7119463   750859   251147
2014    3  v1.1  14873045   947490   756031  1231642  1464166   674316  1514878  7148367   750859   266454
2014    4  v1.1  14251514   588386   618058  1231642  1371665   717223  1566955  7158209   750859   172921
2014    5  v1.1  12804783   143459   199877  1231642  1127122   725132  1420493  7150226   750859    32856
2014    6  v1.1  11342310    50524    38506  1147343   766776   652590  1124396  6856427   702049     3140
2014    7  v1.1   8282561        0      602   256088   128520   413444   688126  6140779   654999        0
2014    8  v1.1   6226020        0        0    48848    27680   246338   315435  4994717   592999        0
2014    9  v1.1   5292877        0        0    12836    24988   252249   186474  4322209   494119        0
2014   10  v1.1   8116325    38352     3006    46814   106900   423128   885381  5933939   678801        0
2014   11  v1.1  10379551    48227    21504   492851   459120   532826  1311115  6748758   750859     8076
2014   12  v1.1  12587452   303339   212866  1230470   848388   604980  1414676  7158209   750859    24814
2015    1  v1.1  13753202   590745   391667  1231642  1191803   624588  1603480  7150340   750859   109508
2015    2  v1.1  14513390   694751   616991  1231642  1325698   709326  1688923  7158209   750859   228067
2015    3  v1.1  14486792   661815   626682  1231642  1483615   680539  1530076  7158209   750859   273299
2015    4  v1.1  13977043   606791   598205  1231642  1408969   692945  1358828  7158209   750859   109853
2015    5  v1.1  12687025   228577   200051  1231642  1103075   691391  1284698  7155066   745211    21906
2015    6  v1.1  11046918    71323     5909  1033229   757868   651789   912803  6883935   726889     2613
2015    7  v1.1   8826170        0      602   536163   418337   510234   444240  6260347   656244        0
2015    8  v1.1   5656263        0        0    73162   113341   279466    91723  4618629   479940        0
2015    9  v1.1   4684205        0      602    27182    68705   279012    62330  3970338   276034        0
2015   10  v1.1   7792677    47732     3637    25625   130030   421650   348945  6108030   707024        0
2015   11  v1.1  10106923    55585    25740   475312   699818   517328   731992  6836368   750859     7584
2015   12  v1.1  12333348   253917   377649  1197222   974675   556929  1037289  7119496   750859    24666
2016    1  v1.1  13606835   691317   502987  1231642  1175038   605466  1335990  7110951   750859    43515
2016    2  v1.1  14291677  1134469   589838  1231642  1325092   582590  1283146  7116829   750859   110168
2016    3  v1.1  14521587  1116122   654217  1231642  1392654   623793  1345469  7126701   750859   136083
2016    4  v1.1  13805814   663412   655661  1231642  1246112   669605  1310377  7158209   750859    35695
2016    5  v1.1  12093470   265245   133357  1208687   945782   584909  1128266  7040622   741430    20879
2016    6  v1.1  10645155    60540     7121  1096931   654681   492469   789622  6819565   721612     2611
2016    7  v1.1   8183891        0      602   322077   277180   318942   217338  6371846   675903        0
2016    8  v1.1   5595206        0        0    37227    45300   224745    92974  4820811   374147        0
2016    9  v1.1   4738491        0      602    12217    41538   254701    61672  3959659   408100        0
2016   10  v1.1   6489544    42709     3034    27551   103495   382986    94364  5223586   611815        0
2016   11  v1.1   9080282    76363    26882   179691   525071   438201   356530  6712811   750859     7584
2016   12  v1.1  12062117   413256   160643  1231642   886852   506867   957592  7086855   750859    27159
2017    1  v1.1  13394913   829382   407055  1231642  1172518   600387  1188904  7071514   750859    43024
2017    2  v1.1  14261171   979680   597870  1231642  1279893   633180  1405403  7120834   750859   116196
2017    3  v1.1  14456364   828924   654256  1231642  1310610   734778  1489807  7158209   750859   162223
2017    4  v1.1  13823701   484950   490532  1231642  1302922   773289  1488949  7158209   750859    58272
2017    5  v1.1  12747403   162985    63125  1229861  1196499   741381  1412811  7124610   750859    33129
2017    6  v1.1  11065909    59450    13160  1029368   758252   658892  1012722  6785371   743943     4191
2017    7  v1.1   8271989        0        0   189035   365158   492307   557449  6027473   640565        0
2017    8  v1.1   5510251        0        0    22913    81206   182126   156716  4572665   494624        0
2017    9  v1.1   4894919        0      602    10991    62713   139234    79389  4160496   441491        0
2017   10  v1.1   7399693    37006     2426    26822   169358   250442   414471  5840155   659009        0
2017   11  v1.1   9844098    54128     7792   482764   614394   412726   877421  6630128   750859     7573
2017   12  v1.1  12011969   366957    95809  1228148   782317   534668  1108293  7073642   750859    33303
2018    1  v1.1  13246553   704952   300646  1231642  1078780   567558  1236272  7134580   750859   131679
2018    2  v1.1  14115339   980709   327181  1231642  1391876   552200  1393757  7106974   750859   206442
2018    3  v1.1  14408998  1152567   341622  1231642  1272664   587844  1617164  7122741   750859   115833
2018    4  v1.1  13766034   832771   156071  1231642  1196898   605393  1683675  7149680   750859    46467
2018    5  v1.1  12363082   154789    21306  1226359  1127140   504956  1467562  7042078   750859    26877
2018    6  v1.1  10926087    52163     5366  1105833   773451   405010  1094892  6764567   723757     1045
2018    7  v1.1   8661358        0        0   488378   415095   321671   530051  6224413   681749        0
2018    8  v1.1   5622998        0        0    78417    66526   144526    66094  4710693   556740        0
2018    9  v1.1   4834953        0      602    12853    54129   176141    60408  3999248   531569        0
2018   10  v1.1   6824601    40931     5440    88015   234890   379019    83032  5257282   735988        0
2018   11  v1.1  10279618    47400     8974   660978   706577   452496   912147  6725029   750859    10054
2018   12  v1.1  12092694   237855   303413  1231642   855404   562732   984617  7097850   750859    29273
2019    1  v1.1  13743560   711671   530288  1231642  1103234   624132  1395490  7154275   750859   113298
2019    2  v1.1  14568478  1162013   418888  1231642  1251590   638987  1554141  7158209   750859   246851
2019    3  v1.1  14718668  1202103   349560  1231642  1278552   679739  1681837  7158209   750859   260525
2019    4  v1.1  13525194   648094   219598  1231642  1112343   712869  1537244  7158209   750859    70611
2019    5  v1.1  12310298   153111    50253  1231642   977217   656535  1385447  7054281   750859    24334
2019    6  v1.1  10853923    55468    19182  1087538   615454   614868  1106226  6652158   701941      526
2019    7  v1.1   7950734        0      602   357822   176214   461614   463954  5825108   665417        0
2019    8  v1.1   5021197        0        0    16274    41755   299454   115857  4086622   461232        0
2019    9  v1.1   4451713        0      602    12836    27873   229855    74741  3704671   401132        0
2019   10  v1.1   6130548    37469     3635    16455    57671   421419   197910  4832616   563369        0
2019   11  v1.1   9759337    66256    41141   229669   357304   549641  1094622  6655042   750859     9068
2019   12  v1.1  12253321   296504   155343  1167936   719479   595874  1337676  7158209   750859    27157
2020    1  v1.1  13804917   788745   487340  1231642  1017276   595061  1581517  7158209   750859    98223
2020    2  v1.1  14749168  1067233   736732  1231642  1196006   647733  1645622  7158209   750859   210616
2020    3  v1.1  14927841  1073306   737003  1231642  1246569   735952  1668774  7158209   750859   226176
2020    4  v1.1  13682679   556868   439711  1231642  1052230   786522  1596158  7158209   750859    48606
2020    5  v1.1  12569570   183211   280678  1206607   863440   688766  1381617  7158209   750859    23335
2020    6  v1.1  10858243    64852    26414  1021530   646152   622490   839708  6911033   723375     1572
2020    7  v1.1   7667921        0      602   350054   224501   471288   296338  5660872   664264        0
2020    8  v1.1   5207840        0        0    37169    31959   311905    83801  4254313   488690        0
2020    9  v1.1   4100908        0      602    12830    38418   282358    62927  3287998   415773        0
2020   10  v1.1   5591115    42668     4794    20065    75971   428201   100077  4338163   581171        0
2020   11  v1.1   9476049    46081    10804   565071   459569   575963   458798  6593283   750859     7584
2020   12  v1.1  12254325   357770   196534  1215283   747184   666412  1110540  7141820   750859    27307
2021    1  v1.1  13727017   882321   515707  1231642   933691   705304  1426237  7120122   750859    31916
2021    2  v1.1  14535363  1092615   618014  1231642  1068433   686818  1717581  7133922   750859    59475
2021    3  v1.1  14732822  1166023   621983  1231642  1154315   716900  1728484  7145728   750859    76008
2021    4  v1.1  13861868   718300   547626  1231642  1075347   707813  1550166  7158209   750859    42636
2021    5  v1.1  12806886   268553   364861  1200796   884807   735863  1391918  7158209   750859    19856
2021    6  v1.1  11005369    74484    39539  1025659   636526   591572  1034822  6865608   733976     2624
2021    7  v1.1   7739490        0      602   194615   237851   274492   483953  5899388   648586        0
2021    8  v1.1   5770344        0        0    58612    43359   126815   213358  4795886   532311        0
2021    9  v1.1   5032585        0        0    11609    45596    86257   130847  4283562   474712        0
2021   10  v1.1   7757183    33086     3034    14527    65421   330176   449577  6398328   463032        0
2021   11  v1.1  10290482    57624   137671   117189   493311   467713  1107276  7143779   750859     7080
2021   12  v1.1  12597783   369789   406197  1073430   724923   587876  1455304  7139836   750859    30303
