951.7
1014.5
997.7
926.8
1042.2
962.8
1026.1
977.2
951.6
1009.0
967.2
1027.8
1010.2
931.0
969.7
1004.5
1001.9
920.4
956.1
983.2
1044.1
921.2
970.3
995.2
921.5
1046.7
1047.7
998.6
1036.6
1013.6
952.4
1027.6
989.7
989.2
925.9
1027.7
1008.9
1032.9
955.9
946.7
929.8
1044.3
993.5
969.8
935.5
1029.0
974.3
1003.5
982.2
931.7
1047.4
954.0
1009.8
1012.5
934.3
941.8
967.1
1000.3
966.2
966.1
1016.6
1027.8
953.4
958.4
940.7
1024.1
1009.8
961.6
1013.8
978.5
972.2
1010.4
1019.3
965.5
1049.1
968.5
950.7
1038.6
974.1
1008.6
1001.3
1012.9
1016.4
928.2
950.4
963.0
988.1
1044.0
1035.6
940.5
947.7
1036.0
1025.4
1030.3
942.9
939.5
1049.7
997.1
979.0
997.3
1043.7
974.6
922.1
920.4
988.0
997.0
964.5
964.0
975.7
1023.1
948.3
989.6
921.0
1015.2
928.1
935.6
1042.8
1022.0
988.2
983.1
982.6
943.4
960.0
979.4
929.8
968.5
931.8
1007.1
1016.4
948.8
992.7
1020.4
945.2
1028.6
1008.1
931.5
951.9
958.0
1009.8
985.1
1025.9
1049.9
1000.2
1016.8
971.1
1049.2
923.7
964.7
1033.4
934.3
987.5
1001.6
977.1
1047.3
950.0
994.4
985.8
1045.9
932.3
945.4
974.6
989.5
989.5
998.7
995.8
955.5
986.7
966.3
1009.3
1032.1
1044.8
988.7
971.6
1021.1
1029.7
981.0
975.9
971.3
981.2
967.5
944.1
999.9
956.8
943.7
983.7
975.7
1034.1
947.8
976.1
1043.1
1009.5
981.4
1000.1
1037.1
955.7
995.4
994.1
974.3
1008.4
949.1
989.9
978.5
960.4
1031.4
939.7
968.9
1048.6
1022.8
992.6
957.5
949.5
939.0
997.4
928.5
972.9
978.8
924.7
977.9
943.1
1040.2
1031.3
923.0
999.1
965.2
1016.1
1033.6
1034.2
977.4
1032.5
974.0
940.6
1041.3
1024.9
1043.0
1037.9
947.9
1016.6
954.0
943.8
1004.2
1020.0
1016.4
1008.7
963.9
1028.1
989.0
961.6
1043.2
933.9
1010.3
960.9
971.5
996.1
922.8
995.2
923.5
957.3
1034.8
972.4
921.8
996.5
928.6
990.8
972.8
936.2
986.0
1037.0
962.8
936.7
951.7
965.1
962.6
979.1
945.7
1039.6
967.7
960.4
1026.9
956.7
986.5
1007.8
1003.7
922.1
1049.5
1008.7
938.6
934.9
1002.6
927.3
971.2
930.5
1004.4
1014.5
923.6
941.3
979.2
986.8
981.1
1045.1
931.6
961.4
990.6
1041.4
927.7
992.6
996.4
1002.0
998.0
926.9
1001.0
976.3
925.5
947.0
967.3
987.7
987.3
952.8
966.0
1004.2
940.6
1034.9
924.2
1004.3
1006.6
936.7
1004.4
952.7
1035.7
975.9
992.9
949.6
1002.9
950.5
1031.8
928.7
952.8
1036.4
928.8
935.9
1004.5
1049.1
1028.6
925.1
990.6
994.9
935.2
959.2
992.5
1024.2
937.5
986.3
980.7
1036.3
967.9
962.6
991.3
921.1
956.0
980.6
1043.1
1035.1
968.3
1015.5
1034.5
1031.0
975.0
970.9
990.9
932.5
971.1
1023.6
967.1
948.9
928.0
1048.1
969.0
981.3
1017.6
1047.2
1016.4
1007.1
1040.8
965.4
1007.5
941.3
1007.9
1042.1
995.5
1023.2
1015.0
945.8
985.4
1020.7
960.3
991.4
1027.8
984.2
1023.4
1000.3
986.2
1021.8
1033.8
1038.3
984.4
922.8
1014.7
935.3
1030.8
1000.8
975.5
1001.7
989.6
1002.5
981.1
998.3
1008.5
1043.1
929.0
1010.9
1029.2
983.1
1013.6
1021.6
946.9
980.9
1039.3
980.8
994.9
945.5
962.5
969.4
972.6
1007.7
1044.6
999.1
997.9
936.9
984.6
1021.7
1015.9
946.1
936.6
997.0
920.2
952.7
920.8
931.7
1011.6
970.0
947.1
927.9
1046.2
1002.2
1048.9
1046.0
1014.7
1018.4
984.6
1007.4
1016.7
1015.8
962.8
926.3
955.5
958.5
941.0
965.4
1044.5
986.2
936.9
997.0
937.8
988.5
920.2
992.5
1021.9
973.7
1020.8
1039.4
991.5
1045.9
1042.5
1000.6
931.7
924.3
1020.4
930.5
1031.7
957.4
1016.4
1045.7
990.5
982.5
1008.8
1041.2
974.1
947.7
1021.2
1041.9
1022.9
