KSGF Observations at 12Z 12 June 2004
-------------------------------------------------
  PRES  TEMP  DWPT  RELH   MIXR  DRCT  SKNT  THTA
  hPa    C     C     %     g/kg   deg  knot   K  
-------------------------------------------------
 968.0  22.4  21.2  92.9   16.6   200    5  298.3
 948.0  23.6  21.1  85.9   16.9   229   23  301.3
 943.9  23.4  20.9  85.9   16.8   235   27  301.5
 925.0  22.4  20.0  86.3   16.2   240   27  302.2
 911.8  21.7  19.4  86.8   15.8   250   25  302.7
 880.2  20.1  17.9  87.2   14.9   255   22  304.1
 850.0  18.4  16.4  88.1   14.0   265   18  305.4
 819.8  16.2  14.4  89.1   12.7   275   16  306.3
 790.9  14.0  12.4  90.1   11.5   280   15  307.1
 763.1  11.8  10.4  91.1   10.5   270   15  307.8
 756.0  11.2   9.9  91.7   10.2   261   14  308.0
 736.0  11.6   4.6  62.1    7.3   235   13  310.8
 735.9  11.6   4.6  62.1    7.3   235   13  310.8
 709.4   9.4   3.1  64.7    6.8   195   15  311.7
 700.0   8.6   2.6  66.0    6.7   195   15  312.0
 692.0   7.8   2.9  71.1    6.9   197   15  312.1
 681.0   7.2  -2.8  49.0    4.6   200   16  312.9
 667.0   6.0   1.8  74.4    6.6   203   17  313.4
 658.8   5.7  -2.5  55.6    4.9   205   17  314.2
 653.0   5.4  -5.6  45.0    3.9   206   18  314.6
 610.0   0.3  -8.1  53.3    3.4   215   25  314.9
 564.6  -5.5 -10.9  65.7    3.0   210   25  315.1
 510.0 -13.1 -14.6  88.5    2.4   210   27  315.2
 508.0 -13.3 -14.9  87.7    2.4   210   27  315.3
 506.0 -13.5 -17.9  69.4    1.9   210   27  315.4
 500.0  -9.7 -32.7  13.4    0.5   210   27  321.1
 482.9 -11.5 -36.3  10.9    0.4   215   29  322.1
 437.0 -16.7 -46.7   5.5    0.1   221   35  324.9
 411.1 -19.6 -43.4  10.2    0.2   225   38  326.9
 400.0 -20.9 -41.9  13.4    0.2   225   38  327.7
 394.6 -21.8 -41.8  14.6    0.2   225   38  327.8
 384.0 -23.7 -41.7  17.4    0.3   228   37  327.9
 360.0 -26.3 -53.3   6.0    0.1   236   35  330.5
 325.0 -32.5 -46.5  23.5    0.2   248   32  331.8
 319.3 -33.3 -43.6  34.8    0.3   250   32  332.4
 311.0 -34.5 -39.3  61.6    0.4   250   33  333.2
 300.0 -36.1 -40.1  66.5    0.4   250   34  334.4
 265.0 -41.3 -47.3  52.2    0.2   262   36  338.8
 255.7 -43.5 -48.8  55.7    0.2   265   37  339.1
 250.0 -44.9 -49.7  58.5    0.2   265   38  339.2
 244.2 -46.0 -50.7  58.8    0.1   265   38  339.8
 212.0 -52.7 -56.5  63.2    0.1   223   29  343.4
 202.7 -52.2 -56.0  63.4    0.1   210   26  348.6
 200.0 -52.1 -55.8  64.2    0.1   210   28  350.1
 193.0 -51.5 -57.5  48.5    0.1   212   31  354.6
 159.8 -59.7 -72.5  17.3    0.0   225   44  360.5
 159.0 -59.9 -72.9  16.8    0.0   225   43  360.6
 150.0 -60.3 -74.3  14.3    0.0   225   37  366.0
 124.9 -65.5 -80.3  11.2    0.0   235   22  376.2
 122.0 -66.1 -81.1  10.6    0.0   230   21  377.7
 107.4 -67.1 -82.1  10.4    0.0   225   19  389.8
 107.0 -67.1 -82.1  10.4    0.0   226   18  390.2
 102.2 -65.2 -80.9   9.7    0.0   240   12  399.0
 100.0 -64.3 -80.3   9.5    0.0   285    6  403.2

Station information and sounding indicies
Station identifier: SGF
Observation time: 04$m$d/1200
Lifted Index: -5.8 C
Total Totals Index: 54.2
SBCAPE: 1879.6 J/kg
SBCIN: -87.1 J/kg
LCL: 951 hPa
LFC: 801 hPa
EL: 207 hPa

WARNING: SEVERE THUNDERSTORMS ARE POSSIBLE!